#Used  awk '$1 == 0.015200 && $2 >= 9 && $2 <= 10 {print 3.5*$6+0.25*$5-12.67}' zp00.dat > macro.txt to create this

-1.15362
-0.993325
-0.8963
-0.826075
-0.728225
-0.6438
-0.54645
-0.551725
-0.528975
-0.507175
-0.483025
-0.481275
-0.432475
-0.377825
-0.3541
-0.31495
-0.28845
-0.2799
-0.27445
-0.270375
-0.267825
-0.247175
-0.169675
-0.085625
0.016775
0.12005
0.182275
0.218675
0.3095
0.342425
0.3934
0.403825
0.470275
0.540975
0.59085
0.6066
0.607625
0.667775
0.681975
0.726075
0.7715
0.781075
0.83275
0.883775
0.933825
0.9579
0.9859
1.03422
1.03802
1.08652
1.0866
1.12668
1.13063
1.13068
1.15878
1.16837
1.17945
1.19935
1.20213
1.21268
1.23217
1.24323
1.2562
1.26337
1.27153
1.2732
1.27813
1.2812
1.2815
1.27567
1.27533
1.27218
1.26028
1.24993
1.24145
1.21925
1.1991
1.19307
1.16965
1.14675
1.13237
1.13215
1.16483
1.20502
1.24512
1.285
1.3246
1.36272
1.39973
1.41212
1.38223
1.3461
1.301
1.2615
1.22348
1.18457
1.14545
1.1062
1.0666
1.02725
0.98505
0.94
0.903775
0.865375
0.832025
0.793075
0.75695
0.719275
0.691075
0.688075
0.67525
0.668875
0.66605
0.66495
0.66435
0.66405
0.6644
0.664925
0.66535
0.66575
0.66655
0.6674
0.66815
0.66865
0.66885
0.669075
0.6694
0.669075
0.6692
0.66835
0.667675
0.667425
0.66625
0.665625
0.664575
0.663475
0.66345
0.66475
0.665225
0.66605
0.667175
0.668175
0.66905
0.66975
0.67055
0.671075
0.671625
0.671675
0.672375
0.67225
0.6727
0.6728
0.673125
0.673
0.67385
0.674675
0.676525
0.677425
0.68485
0.686175
0.698775
0.705525
0.70905
0.71665
0.72305
0.725825
0.7263
0.724325
0.7233
0.718175
0.7149
0.71125
0.710075
0.70935
0.707425
0.70585
0.704575
0.70365
0.704425
0.7052
0.70295
0.7015
0.6998
0.697875
0.696925
0.69565
0.69395
0.692425
0.6914
0.6903
0.68905
0.687725
0.686375
0.6849
0.683725
0.681925
0.6803
0.678025
0.6773
-1.15362
-0.993325
-0.896275
-0.826075
-0.72815
-0.643625
-0.54365
-0.549275
-0.528875
-0.511475
-0.486575
-0.481175
-0.43235
-0.377675
-0.35115
-0.31475
-0.291525
-0.28245
-0.276875
-0.2727
-0.269725
-0.24695
-0.169425
-0.085675
-0.031375
0.017175
0.120925
0.1344
0.21995
0.31125
0.394925
0.4723
0.49975
0.543175
0.5513
0.609
0.6439
0.67005
0.717775
0.728575
0.7831
0.7879
0.834625
0.884775
0.934325
0.9557
0.98415
1.00723
1.0336
1.07272
1.07705
1.09605
1.11663
1.12055
1.13997
1.14987
1.16183
1.1791
1.18877
1.1995
1.2013
1.20337
1.21195
1.21498
1.21877
1.21753
1.21283
1.20477
1.20143
1.1859
1.16565
1.15895
1.15672
1.13643
1.11145
1.08745
1.07375
1.0816
1.1202
1.15795
1.19627
1.2344
1.27258
1.31073
1.34733
1.3158
1.28228
1.23793
1.19865
1.16047
1.1222
1.08365
1.0445
1.0028
0.959225
0.911675
0.874
0.8367
0.8053
0.766925
0.731775
0.6963
0.67515
0.66945
0.659175
0.654925
0.652925
0.65235
0.6525
0.6526
0.65295
0.65385
0.65425
0.6553
0.656025
0.65645
0.6573
0.658175
0.659125
0.659475
0.659575
0.659925
0.65975
0.659475
0.6593
0.658925
0.658275
0.657475
0.6567
0.655875
0.655725
0.661475
0.661825
0.66175
0.661975
0.661875
0.662175
0.662075
0.662075
0.66205
0.66215
0.6621
0.662225
0.66205
0.66235
0.66235
0.662225
0.662025
0.662625
0.6633
0.6642
0.665775
0.673275
0.6826
0.687225
0.689775
0.6986
0.707275
0.712375
0.71545
0.715675
0.712825
0.712025
0.710825
0.707975
0.70465
0.702175
0.700575
0.699075
0.698275
0.6969
0.69595
0.6944
0.69455
0.6962
0.697625
0.6969
0.695775
0.693375
0.692225
0.690775
0.689875
0.68815
0.686525
0.6856
0.6837
0.681725
0.68005
0.677875
0.675525
0.673175
0.6711
0.66895
0.667025
-1.1536
-0.993325
-0.895925
-0.82605
-0.72805
-0.643425
-0.5412
-0.546475
-0.528375
-0.51615
-0.490475
-0.481075
-0.432225
-0.3775
-0.348225
-0.314525
-0.2946
-0.28535
-0.279275
-0.275025
-0.272
-0.247075
-0.169475
-0.085325
-0.08155
0.017625
0.0706
0.122175
0.2213
0.30785
0.31305
0.396875
0.44105
0.47445
0.545525
0.59645
0.611575
0.6158
0.670075
0.67285
0.68085
0.73095
0.78575
0.8301
0.836775
0.850775
0.886075
0.9337
0.935325
0.981275
1.02562
1.04453
1.06348
1.0783
1.09785
1.10178
1.12037
1.12552
1.13282
1.14152
1.14518
1.14537
1.15212
1.15515
1.15565
1.1521
1.1487
1.14835
1.13912
1.12608
1.12188
1.1119
1.09112
1.06782
1.06525
1.05983
1.03603
1.0237
1.03385
1.07292
1.111
1.14802
1.18485
1.2201
1.25765
1.2828
1.2726
1.232
1.1967
1.1554
1.11678
1.07855
1.04132
1.01585
0.978225
0.937325
0.89165
0.854675
0.817625
0.786525
0.748225
0.713075
0.678575
0.65935
0.653625
0.644475
0.64105
0.63995
0.639925
0.639875
0.64085
0.641375
0.642825
0.642825
0.64385
0.644925
0.645325
0.64655
0.64745
0.64845
0.649175
0.65005
0.650225
0.650625
0.65065
0.650425
0.649925
0.649475
0.64905
0.64865
0.648275
0.648025
0.649675
0.650125
0.65065
0.6512
0.6515
0.651625
0.65195
0.65195
0.652
0.652075
0.65175
0.6517
0.651775
0.651475
0.6515
0.6512
0.65115
0.651725
0.651675
0.661
0.666675
0.678325
0.68945
0.689525
0.689825
0.69855
0.704175
0.70515
0.70535
0.706425
0.704075
0.7022
0.702675
0.699575
0.69765
0.695325
0.694625
0.693875
0.69345
0.693075
0.69255
0.69235
0.69305
0.693425
0.69
0.6873
0.68605
0.685
0.68365
0.68235
0.68085
0.67945
0.678175
0.67675
0.675125
0.67355
0.6718
0.6701
0.668375
0.666675
0.665275
0.662725
0.6599
0.657575
-1.1536
-0.9933
-0.8959
-0.82605
-0.727975
-0.6432
-0.5384
-0.544025
-0.5278
-0.52045
-0.494025
-0.480975
-0.432075
-0.3773
-0.345625
-0.314625
-0.2977
-0.2879
-0.2817
-0.27735
-0.2739
-0.2468
-0.169175
-0.0846
0.018125
0.019625
0.12345
0.2231
0.26325
0.314975
0.3993
0.477075
0.509375
0.548025
0.55885
0.61435
0.641725
0.67555
0.70595
0.73395
0.7822
0.78795
0.8385
0.8572
0.88625
0.9316
0.95505
0.97485
0.998225
1.01393
1.02903
1.04362
1.04542
1.06133
1.07215
1.0734
1.08215
1.0888
1.08928
1.09387
1.09425
1.09405
1.09355
1.08858
1.0806
1.08023
1.0755
1.06212
1.0421
1.04183
1.0299
1.00732
0.9904
0.98245
1.01948
1.05392
1.0884
1.12317
1.1649
1.20022
1.21957
1.2015
1.16812
1.13345
1.094
1.05772
1.02185
0.984175
0.943825
0.899
0.863025
0.82505
0.7907
0.760175
0.721925
0.688025
0.651575
0.642975
0.638325
0.634025
0.63175
0.630275
0.6294
0.629025
0.628975
0.6291
0.629225
0.629675
0.630475
0.630975
0.6315
0.631875
0.632475
0.632775
0.63295
0.63335
0.63355
0.633825
0.63405
0.6342
0.634425
0.634975
0.6353
0.6356
0.6358
0.636225
0.636325
0.636475
0.63665
0.63685
0.63705
0.6372
0.637525
0.638275
0.6389
0.6396
0.640025
0.640725
0.6411
0.6411
0.6413
0.64135
0.641525
0.641325
0.641325
0.640975
0.640425
0.640175
0.639575
0.639325
0.63855
0.638325
0.637575
0.637275
0.636525
0.63575
0.6458
0.6455
0.645725
0.646325
0.646875
0.647625
0.6481
0.648325
0.64835
0.648725
0.64875
0.648875
0.64895
0.6474
0.646575
0.6461
0.645925
0.64555
0.654525
0.66575
0.66875
0.6704
0.68025
0.6891
0.690225
0.692725
0.694425
0.69525
0.69575
0.693425
0.69235
0.690475
0.6857
0.6849
0.68415
0.6837
0.6834
0.6834
0.682875
0.68295
0.681875
0.6814
0.6786
0.6776
0.676325
0.6748
0.673675
0.672375
0.6709
0.66965
0.66835
0.6669
0.66535
0.664025
0.66235
0.6613
0.6592
0.657375
0.654775
0.652675
0.64995
0.647675
-1.15358
-0.9933
-0.895875
-0.826025
-0.727525
-0.642925
-0.5356
-0.541225
-0.527175
-0.524775
-0.497575
-0.48085
-0.4319
-0.377075
-0.342675
-0.31435
-0.300775
-0.290775
-0.284125
-0.27935
-0.27615
-0.2465
-0.1688
-0.089525
-0.083825
0.0197
0.125175
0.22495
0.317325
0.386425
0.40185
0.4442
0.47985
0.543
0.5511
0.589025
0.61735
0.6588
0.678525
0.720725
0.736925
0.7905
0.8395
0.849675
0.88495
0.89825
0.92665
0.9321
0.96495
0.9865
0.99765
1.00918
1.01975
1.02013
1.02653
1.0326
1.03505
1.038
1.0386
1.03582
1.03527
1.02947
1.02027
1.01773
1.01625
1.00205
0.9836
0.9765
0.9602
0.947175
0.945875
0.98135
1.01642
1.05368
1.08937
1.12867
1.15625
1.14845
1.1113
1.07645
1.03697
0.999625
0.983275
0.96725
0.929325
0.8883
0.843125
0.8068
0.772375
0.741475
0.702975
0.66885
0.633275
0.623425
0.619225
0.61445
0.612775
0.612725
0.61375
0.614725
0.6161
0.617575
0.619825
0.622075
0.62445
0.62555
0.627225
0.628275
0.6293
0.630125
0.630775
0.63135
0.6318
0.632025
0.631825
0.6317
0.6318
0.63165
0.63205
0.632825
0.6331
0.633225
0.633475
0.633375
0.63325
0.63315
0.63285
0.633225
0.63375
0.634025
0.63475
0.634825
0.634875
0.6349
0.634675
0.634525
0.634525
0.633825
0.63345
0.632975
0.63225
0.631625
0.6309
0.629675
0.628675
0.627775
0.626325
0.624725
0.6231
0.621925
0.62
0.61765
0.61525
0.6131
0.610475
0.6087
0.6584
0.657075
0.658175
0.659
0.6599
0.66085
0.661825
0.662825
0.663875
0.664975
0.66615
0.667025
0.66795
0.669275
0.669325
0.6693
0.669675
0.669925
0.67005
0.67035
0.67035
0.67075
0.671575
0.6714
0.675
0.680525
0.68295
0.683025
0.682375
0.681
0.680225
0.678375
0.676875
0.6762
0.67555
0.675475
0.67505
0.6747
0.674125
0.671525
0.6695
0.67015
0.669625
0.669425
0.6684
0.66735
0.666575
0.6653
0.6641
0.6631
0.661275
0.660175
0.659125
0.657075
0.655525
0.6537
0.6521
0.650075
0.6482
0.646275
0.643825
0.641325
0.638975
0.6361
0.634925
-1.15358
-0.9933
-0.89585
-0.826
-0.7274
-0.64265
-0.5328
-0.538775
-0.5269
-0.501125
-0.4807
-0.4317
-0.377175
-0.339725
-0.3144
-0.30385
-0.293325
-0.28655
-0.281675
-0.278075
-0.246175
-0.16875
-0.131275
-0.08265
0.021
0.1273
0.224675
0.22725
0.3198
0.343975
0.404575
0.47675
0.482825
0.500575
0.554375
0.60745
0.620975
0.6296
0.669975
0.682175
0.6846
0.7288
0.740225
0.792675
0.8378
0.839775
0.876275
0.8811
0.9166
0.91805
0.938925
0.951075
0.962325
0.97485
0.97945
0.98475
0.9865
0.9867
0.98835
0.98515
0.984375
0.98125
0.97455
0.96395
0.952425
0.937825
0.923525
0.916075
0.912725
0.92825
0.96385
0.99815
1.03233
1.06663
1.09588
1.0885
1.05828
1.01732
0.98035
0.944725
0.907275
0.868
0.826575
0.78525
0.753725
0.72255
0.682975
0.649375
0.615625
0.6077
0.603975
0.599525
0.59855
0.5993
0.60045
0.602225
0.6037
0.605675
0.608875
0.611375
0.61365
0.6152
0.616975
0.618275
0.619175
0.620125
0.621
0.621725
0.621975
0.62235
0.622625
0.622725
0.623025
0.623375
0.623625
0.6236
0.623625
0.6237
0.623275
0.6231
0.6226
0.6222
0.62285
0.62345
0.624325
0.62485
0.6253
0.626075
0.626075
0.626175
0.626075
0.626375
0.62615
0.625925
0.625575
0.62525
0.625025
0.624575
0.623925
0.623025
0.622175
0.621225
0.620125
0.61865
0.617275
0.6152
0.613525
0.61115
0.60875
0.6061
0.603275
0.599675
0.596275
0.592425
0.588
0.655875
0.65485
0.655275
0.6565
0.657475
0.658125
0.65915
0.660225
0.6613
0.6621
0.662975
0.66385
0.66515
0.665725
0.6667
0.667725
0.667825
0.668475
0.66955
0.670325
0.671175
0.671675
0.67265
0.67325
0.673525
0.673625
0.674375
0.6745
0.6751
0.6751
0.67525
0.6754
0.676275
0.67575
0.675725
0.6741
0.671625
0.669175
0.6668
0.665025
0.663125
0.661925
0.660375
0.65995
0.65975
0.6592
0.657525
0.656725
0.65765
0.65905
0.65975
0.659
0.657725
0.6564
0.655
0.653975
0.652625
0.65135
0.64995
0.6484
0.647025
0.6454
0.64405
0.642075
0.639825
0.637825
0.6355
0.633
0.6305
0.628075
0.6254
0.622175
0.619175
0.61625
0.612525
0.608775
0.6066
0.610025
0.60885
0.6043
0.59865
0.593275
0.588575
0.590825
0.59165
-1.15355
-0.993275
-0.895825
-0.825625
-0.727275
-0.642325
-0.53
-0.535975
-0.52635
-0.505025
-0.48055
-0.431475
-0.376875
-0.3368
-0.31405
-0.307275
-0.296225
-0.288975
-0.284
-0.280325
-0.2458
-0.17685
-0.1683
-0.081775
0.022725
0.1292
0.176975
0.229675
0.318125
0.322425
0.380275
0.4078
0.4347
0.486375
0.52415
0.558275
0.571925
0.61835
0.624575
0.641075
0.676325
0.685825
0.69315
0.730775
0.743275
0.79415
0.815
0.837425
0.86585
0.873125
0.881825
0.90335
0.912975
0.930275
0.9361
0.943725
0.94505
0.945625
0.942625
0.940175
0.939025
0.932575
0.921325
0.918275
0.912575
0.8986
0.885425
0.882925
0.881525
0.882025
0.915225
0.949425
0.98315
1.01628
1.04043
1.03407
1.0069
0.97575
0.94015
0.906975
0.864375
0.827225
0.78875
0.75005
0.7105
0.67135
0.63655
0.601225
0.590825
0.587375
0.584275
0.584125
0.5853
0.587125
0.5889
0.591075
0.5934
0.5962
0.598875
0.60155
0.603825
0.60535
0.607225
0.60865
0.6099
0.610875
0.611725
0.6124
0.61295
0.6134
0.6141
0.614225
0.61445
0.614225
0.61385
0.613375
0.613125
0.6127
0.612075
0.611675
0.612
0.61325
0.6143
0.61485
0.615925
0.616425
0.616725
0.617175
0.6176
0.617675
0.6179
0.617925
0.617875
0.6176
0.617325
0.6169
0.616575
0.6165
0.6158
0.615
0.6143
0.6137
0.612675
0.611325
0.610275
0.60915
0.607025
0.6056
0.6038
0.601475
0.599075
0.596025
0.59295
0.58915
0.58585
0.5819
0.57785
0.573875
0.5688
0.6514
0.650775
0.6511
0.652025
0.65295
0.653925
0.654925
0.65595
0.65665
0.65775
0.6586
0.659025
0.659475
0.660325
0.6612
0.66175
0.66265
0.66275
0.663775
0.664475
0.665225
0.665675
0.6665
0.667025
0.667575
0.6679
0.668275
0.668775
0.66865
0.6687
0.669025
0.668725
0.6688
0.669575
0.66785
0.665175
0.6626
0.660475
0.658375
0.656825
0.655
0.653825
0.65325
0.65305
0.652175
0.65065
0.649625
0.65045
0.6519
0.65235
0.6513
0.6498
0.64865
0.64715
0.64595
0.644475
0.642925
0.641675
0.640225
0.63845
0.63695
0.6353
0.63355
0.631825
0.629675
0.62715
0.6247
0.622425
0.6196
0.61675
0.613975
0.6104
0.6072
0.603025
0.598825
0.594825
0.592925
0.592525
0.590625
0.5854
0.585525
0.585625
0.584475
0.5832
0.5818
0.58845
0.596125
0.590725
0.5805
0.57245
0.5753
-1.15317
-0.993275
-0.8958
-0.8256
-0.72715
-0.64195
-0.527575
-0.533525
-0.525725
-0.508575
-0.480375
-0.431225
-0.376575
-0.33385
-0.314
-0.310375
-0.29875
-0.2914
-0.286325
-0.282225
-0.245375
-0.2116
-0.167475
-0.080475
0.02455
0.10585
0.131525
0.23255
0.27345
0.3259
0.338225
0.411575
0.455475
0.49015
0.537525
0.562475
0.5834
0.62325
0.6289
0.6474
0.679075
0.689925
0.695575
0.72925
0.74675
0.777825
0.79415
0.82345
0.831625
0.836375
0.859925
0.8621
0.880375
0.88355
0.890925
0.90235
0.90385
0.9035
0.902725
0.90225
0.895525
0.886425
0.87735
0.8751
0.864075
0.8528
0.852625
0.88995
0.913325
0.936
0.9691
0.992725
0.98365
0.95505
0.91625
0.886025
0.847525
0.805525
0.76575
0.725625
0.6922
0.65905
0.6211
0.589625
0.5746
0.572925
0.57005
0.569375
0.5707
0.57275
0.575125
0.577475
0.580175
0.583025
0.586375
0.58895
0.591325
0.593725
0.5958
0.5976
0.599125
0.600325
0.601525
0.602625
0.60325
0.6042
0.60465
0.604875
0.60465
0.604725
0.604225
0.603675
0.603075
0.602025
0.60155
0.60135
0.6019
0.603475
0.6044
0.60555
0.606575
0.607475
0.608075
0.608675
0.609375
0.609525
0.6097
0.6097
0.6098
0.609625
0.609675
0.609575
0.609175
0.60875
0.60835
0.6078
0.6071
0.606425
0.605375
0.604425
0.603325
0.602
0.6006
0.59895
0.597375
0.5958
0.59385
0.59085
0.58715
0.583875
0.58015
0.576325
0.572325
0.5675
0.562525
0.5572
0.55155
0.6467
0.645975
0.64635
0.647275
0.648125
0.649025
0.649975
0.650925
0.6519
0.652575
0.6537
0.654475
0.6553
0.6558
0.656675
0.657075
0.657625
0.658225
0.65885
0.659525
0.66025
0.6607
0.661225
0.661425
0.661775
0.662075
0.66215
0.66235
0.662675
0.662475
0.662525
0.66215
0.66205
0.66205
0.662725
0.66125
0.65865
0.656225
0.65405
0.652
0.65015
0.6486
0.647225
0.646375
0.646525
0.64555
0.64415
0.642775
0.6427
0.643675
0.64545
0.6442
0.642925
0.6414
0.64015
0.638525
0.6369
0.635575
0.634225
0.632475
0.631075
0.62905
0.6272
0.62565
0.623825
0.62145
0.61895
0.616275
0.613725
0.610425
0.60745
0.60395
0.60035
0.596525
0.592475
0.587675
0.583
0.580225
0.578725
0.5761
0.5733
0.5716
0.5737
0.57635
0.57885
0.581375
0.58355
0.585725
0.58765
0.5892
0.589725
0.5883
0.586325
0.5842
0.581675
0.579475
0.576825
0.574125
0.57175
0.56845
0.565
0.567075
0.570325
0.5734
0.5763
0.57885
0.581275
0.58325
0.58515
0.587
0.5888
0.59065
0.5894
0.5876
0.5855
0.583575
0.5812
0.579025
0.57655
0.578075
0.580525
0.58265
0.5849
0.5853
0.583225
0.5811
0.576875
0.5719
0.56665
0.5608
0.555
0.558575
0.559125
-1.15315
-0.992925
-0.895425
-0.825575
-0.726975
-0.64155
-0.577675
-0.530725
-0.525375
-0.512125
-0.480175
-0.43095
-0.3762
-0.33125
-0.31355
-0.31345
-0.30165
-0.2938
-0.2883
-0.284475
-0.2449
-0.1666
-0.07875
0.011625
0.0268
0.054975
0.134325
0.235925
0.329575
0.4135
0.415575
0.465875
0.494575
0.4985
0.543325
0.567025
0.58925
0.624925
0.633625
0.650525
0.678825
0.694575
0.7232
0.7485
0.7492
0.79025
0.802425
0.820375
0.82505
0.8391
0.840325
0.847775
0.85455
0.85935
0.86165
0.8563
0.84865
0.84195
0.83505
0.826175
0.82455
0.849575
0.879625
0.907075
0.93475
0.952625
0.9417
0.91865
0.88735
0.85265
0.80835
0.76995
0.734625
0.697525
0.665325
0.627125
0.59
0.561375
0.5579
0.554975
0.5541
0.55665
0.559775
0.5631
0.56655
0.57
0.5721
0.575675
0.578325
0.58135
0.5835
0.58575
0.587375
0.588825
0.59045
0.5917
0.59315
0.594325
0.59465
0.594875
0.594325
0.593675
0.5929
0.592125
0.591175
0.590175
0.590625
0.59165
0.59355
0.59505
0.596175
0.597275
0.59845
0.5991
0.6
0.600825
0.60105
0.60185
0.601875
0.6018
0.60195
0.60185
0.601975
0.6016
0.601375
0.600975
0.600225
0.59975
0.59885
0.598
0.597025
0.596
0.594775
0.59305
0.5916
0.590075
0.587875
0.585825
0.58375
0.57995
0.576275
0.57255
0.5683
0.563925
0.5591
0.55415
0.548575
0.542725
0.537
0.5358
0.64145
0.64075
0.6411
0.642025
0.6428
0.643975
0.64485
0.64575
0.646675
0.6473
0.64835
0.649075
0.64985
0.65065
0.651075
0.651475
0.652
0.6529
0.653525
0.65415
0.654525
0.654925
0.655375
0.6554
0.655625
0.655925
0.656325
0.65615
0.656425
0.656125
0.656025
0.65585
0.65605
0.654875
0.653325
0.65095
0.648125
0.646375
0.644325
0.6425
0.64085
0.63975
0.63955
0.639275
0.637925
0.636775
0.63555
0.636
0.637775
0.638225
0.6369
0.635425
0.633875
0.6324
0.6307
0.629325
0.627925
0.626125
0.624625
0.622775
0.621025
0.6193
0.617275
0.6151
0.6127
0.6101
0.6073
0.604275
0.60055
0.596975
0.593225
0.589425
0.584675
0.580225
0.575325
0.5701
0.566125
0.56995
0.5706
0.571225
0.57115
0.570325
0.5706
0.570025
0.572075
0.572325
0.5698
0.565225
0.559425
0.551075
0.542475
0.537925
0.5403
-1.15312
-0.9929
-0.8954
-0.825525
-0.72645
-0.6411
-0.577025
-0.5283
-0.524575
-0.516025
-0.47995
-0.43065
-0.37615
-0.3283
-0.313175
-0.3042
-0.296225
-0.290625
-0.2864
-0.245125
-0.244425
-0.165325
-0.0996
-0.0773
-0.03815
0.02915
0.13725
0.1991
0.2395
0.312825
0.33345
0.372275
0.4202
0.425375
0.47245
0.499675
0.504975
0.54555
0.57235
0.59185
0.622525
0.638875
0.650325
0.675875
0.69815
0.69945
0.715725
0.737875
0.749
0.7529
0.780825
0.79125
0.80185
0.8019
0.811475
0.81275
0.813025
0.813575
0.812325
0.809375
0.80315
0.798675
0.797675
0.817125
0.84445
0.872525
0.89965
0.91705
0.90625
0.8818
0.848025
0.812175
0.772775
0.73555
0.697275
0.659875
0.6211
0.581075
0.550175
0.54065
0.538775
0.5378
0.539875
0.5434
0.5465
0.55
0.5535
0.55665
0.56005
0.563
0.56655
0.5695
0.572025
0.574525
0.576725
0.578875
0.580825
0.582725
0.584525
0.58455
0.58375
0.58285
0.5824
0.5815
0.58015
0.579425
0.580525
0.58215
0.5839
0.5857
0.586925
0.58835
0.58965
0.590775
0.5915
0.592475
0.59315
0.5937
0.593875
0.5945
0.5944
0.5947
0.59465
0.594375
0.594225
0.593575
0.593325
0.59275
0.59185
0.5911
0.59035
0.58905
0.587975
0.5865
0.5851
0.5831
0.581075
0.578875
0.576975
0.5732
0.569275
0.565325
0.561325
0.55685
0.551825
0.546475
0.540825
0.534575
0.528325
0.5215
0.6357
0.635075
0.63545
0.636075
0.636425
0.637175
0.637975
0.6388
0.639675
0.640525
0.64145
0.642475
0.64315
0.64385
0.6446
0.6454
0.6454
0.646225
0.646725
0.647275
0.64785
0.648175
0.648875
0.649325
0.649425
0.649475
0.649725
0.649775
0.649925
0.649875
0.649975
0.649875
0.6494
0.64925
0.6496
0.648225
0.645375
0.6431
0.640775
0.638475
0.636925
0.63515
0.6333
0.633125
0.632925
0.63195
0.630275
0.629
0.629675
0.630975
0.632025
0.63055
0.62915
0.627575
0.62625
0.62465
0.623125
0.62125
0.61975
0.617875
0.61595
0.614375
0.61215
0.61
0.607875
0.6055
0.60295
0.59985
0.59615
0.5917
0.587775
0.5834
0.578525
0.57345
0.568525
0.563375
0.557975
0.56495
0.5335
0.527375
0.52315
0.522875
-1.1531
-0.9929
-0.89535
-0.82515
-0.72625
-0.640575
-0.5763
-0.5255
-0.52405
-0.519575
-0.47935
-0.4303
-0.375725
-0.325375
-0.3124
-0.307075
-0.299
-0.292975
-0.28865
-0.2501
-0.24355
-0.1643
-0.142
-0.0754
0.031975
0.1283
0.140675
0.1514
0.243575
0.2685
0.33825
0.421775
0.42515
0.43285
0.47425
0.505175
0.508175
0.54555
0.5774
0.57815
0.589975
0.6196
0.644375
0.64745
0.6698
0.691125
0.703475
0.7065
0.724875
0.7377
0.743275
0.75845
0.76435
0.7743
0.77455
0.775025
0.7735
0.77295
0.7706
0.77105
0.799975
0.827875
0.856
0.880125
0.872825
0.8476
0.81175
0.793
0.75205
0.711625
0.6719
0.6277
0.5841
0.5418
0.515825
0.513675
0.51165
0.511775
0.51425
0.517625
0.5218
0.526125
0.53135
0.536025
0.540875
0.546775
0.553375
0.557975
0.5611
0.5635
0.565375
0.56735
0.569225
0.57095
0.56975
0.56805
0.568975
0.571575
0.57395
0.57595
0.57775
0.57955
0.58085
0.5821
0.5834
0.584175
0.5851
0.585675
0.5862
0.586475
0.586825
0.587
0.5869
0.586725
0.586925
0.5864
0.586125
0.586
0.58525
0.5844
0.58365
0.582625
0.581675
0.579975
0.578825
0.577
0.57485
0.572825
0.570925
0.56735
0.56355
0.55965
0.55525
0.55035
0.545125
0.53975
0.534075
0.527675
0.521125
0.514
0.507025
0.6301
0.62955
0.629875
0.6305
0.631575
0.632325
0.63345
0.634225
0.63505
0.6359
0.636825
0.637475
0.63815
0.63885
0.639575
0.6396
0.64035
0.6408
0.64135
0.641925
0.64255
0.6429
0.64325
0.6433
0.643425
0.643675
0.64365
0.643725
0.643925
0.64385
0.643975
0.643575
0.643875
0.643575
0.642225
0.6405
0.6378
0.635475
0.632975
0.63125
0.62935
0.62755
0.626575
0.626375
0.625975
0.62425
0.62275
0.62175
0.622975
0.624125
0.6254
0.62425
0.62265
0.620975
0.6195
0.618
0.6161
0.614575
0.61265
0.611025
0.609025
0.607325
0.6053
0.602975
0.600525
0.598575
0.5957
0.592625
0.58915
0.585175
0.58105
0.576925
0.5725
0.567425
0.562625
0.5574
0.5521
0.5466
0.539125
0.5409
0.547825
0.540525
0.533175
0.5252
0.516425
0.512525
0.5153
-1.15307
-0.992875
-0.97655
-0.895325
-0.825075
-0.726025
-0.64
-0.575475
-0.523075
-0.479075
-0.430275
-0.322425
-0.372325
-0.311575
-0.309625
-0.301425
-0.2953
-0.29055
-0.255075
-0.24225
-0.181175
-0.162875
-0.07305
0.035275
0.07785
0.14465
0.22285
0.2479
0.321975
0.3434
0.381
0.43115
0.43515
0.471125
0.50465
0.5115
0.541575
0.57035
0.58455
0.587625
0.613525
0.637175
0.650225
0.6633
0.681925
0.6976
0.70575
0.7104
0.7208
0.727575
0.731375
0.736125
0.743925
0.748075
0.773075
0.780375
0.8077
0.833275
0.8406
0.828375
0.7938
0.755175
0.7166
0.676625
0.640025
0.601225
0.564975
0.530325
0.50975
0.49035
0.48805
0.486625
0.488225
0.4934
0.50035
0.507625
0.514175
0.5205
0.525925
0.5309
0.535625
0.539975
0.54405
0.547625
0.551025
0.554175
0.556525
0.55895
0.56105
0.5617
0.56125
0.56075
0.5622
0.564625
0.566725
0.56845
0.5702
0.571675
0.5729
0.574425
0.57525
0.5763
0.57695
0.5775
0.57785
0.578125
0.57825
0.578325
0.57825
0.5783
0.577675
0.577325
0.576675
0.576025
0.5755
0.57425
0.5731
0.571675
0.56985
0.568425
0.566425
0.56405
0.56195
0.559325
0.5558
0.5515
0.547375
0.543075
0.5383
0.53305
0.52755
0.5218
0.5157
0.5093
0.50285
0.496125
0.491075
0.624025
0.623575
0.624175
0.624825
0.62555
0.6266
0.6273
0.62805
0.62915
0.629925
0.6308
0.6314
0.63235
0.633
0.63335
0.6337
0.63405
0.634825
0.635275
0.6358
0.6364
0.636725
0.637075
0.637125
0.637225
0.6375
0.637525
0.63775
0.6375
0.63735
0.63705
0.637125
0.63685
0.635925
0.6338
0.631625
0.6294
0.627225
0.625475
0.623475
0.621475
0.6199
0.6196
0.61975
0.618075
0.6165
0.6155
0.61745
0.618475
0.61665
0.614525
0.6129
0.61115
0.609625
0.6077
0.606025
0.604225
0.602375
0.6004
0.598375
0.596325
0.593925
0.5916
0.589275
0.5865
0.5834
0.579075
0.573875
0.569325
0.564825
0.5597
0.5549
0.5497
0.54445
0.540025
0.5371
0.536225
0.537125
0.536075
0.534825
0.53355
0.53205
0.530225
0.5312
0.53235
0.5331
0.53415
0.5351
0.536225
0.53685
0.537475
0.538125
0.5382
0.53715
0.5366
0.53565
0.53505
0.534075
0.5331
0.5321
0.5311
0.53005
0.528975
0.5277
0.52805
0.52935
0.5305
0.531725
0.532725
0.533475
0.53445
0.535225
0.53595
0.5367
0.5374
0.537875
0.537225
0.5364
0.535825
0.534825
0.53415
0.5331
0.532175
0.532525
0.533525
0.534575
0.535275
0.534375
0.5333
0.532125
0.5306
0.529
0.527725
0.529025
0.5295
0.530675
0.531325
0.53235
0.5329
0.534025
0.53465
0.535275
0.53565
0.535
0.53415
0.53355
0.532625
0.53175
0.530775
0.529775
0.528775
0.527725
0.526625
0.5253
0.526425
0.527225
0.528275
0.5294
0.530225
0.531025
0.531575
0.5319
0.530225
0.5284
0.5268
0.523925
0.5184
0.512225
0.505075
0.499475
0.500525
0.502625
-1.1527
-0.992825
-0.894925
-0.82495
-0.725375
-0.63935
-0.609075
-0.574925
-0.522725
-0.478825
-0.478775
-0.429825
-0.319475
-0.36375
-0.310725
-0.30385
-0.297275
-0.2928
-0.260075
-0.241225
-0.2168
-0.16135
-0.0983
-0.0706
0.0012
0.03875
0.14915
0.175525
0.253175
0.27805
0.349525
0.4135
0.43795
0.4669
0.4966
0.5184
0.53545
0.563125
0.587825
0.59165
0.606275
0.62785
0.6474
0.656225
0.6713
0.6854
0.696775
0.706525
0.718125
0.7229
0.7288
0.73505
0.74645
0.752
0.75685
0.770225
0.782125
0.783075
0.76535
0.716975
0.6497
0.600475
0.5641
0.540625
0.531525
0.4972
0.473025
0.472675
0.476525
0.4829
0.4906
0.497375
0.504175
0.510775
0.51635
0.52145
0.52645
0.530825
0.534725
0.538775
0.542075
0.545075
0.54795
0.5506
0.55295
0.55495
0.5549
0.554325
0.554375
0.556425
0.558875
0.560775
0.56265
0.564275
0.5657
0.567025
0.568225
0.5689
0.570025
0.570575
0.57115
0.5713
0.57165
0.5719
0.571825
0.57185
0.57145
0.5709
0.5706
0.569575
0.568825
0.567925
0.56675
0.56565
0.56405
0.561925
0.560225
0.558075
0.55565
0.5533
0.5506
0.5467
0.54235
0.5375
0.532575
0.52745
0.5221
0.516175
0.510125
0.503675
0.4968
0.489875
0.482625
0.47985
0.618725
0.618475
0.618675
0.619325
0.620375
0.621375
0.622025
0.62305
0.62375
0.624525
0.62535
0.62625
0.62685
0.627475
0.628125
0.628125
0.6288
0.62955
0.630025
0.630525
0.630725
0.631375
0.63135
0.6314
0.631875
0.631775
0.632175
0.632
0.63205
0.6319
0.631625
0.631125
0.630675
0.629825
0.628
0.625375
0.6232
0.6208
0.619025
0.6168
0.615075
0.613325
0.613475
0.611825
0.610225
0.6088
0.610875
0.612375
0.610725
0.60865
0.606975
0.605275
0.6035
0.60175
0.599925
0.598025
0.596025
0.594
0.5915
0.589475
0.58725
0.58455
0.58175
0.57895
0.575525
0.57065
0.5647
0.559775
0.554475
0.5489
0.5435
0.538
0.53215
0.52725
0.52875
0.522
0.525
0.524775
0.518625
0.513225
0.50765
0.5017
0.49525
0.487875
0.4809
0.482525
0.483975
-1.15265
-0.992425
-0.894875
-0.824425
-0.724975
-0.638525
-0.5739
-0.522325
-0.488775
-0.478425
-0.42935
-0.316875
-0.355175
-0.309775
-0.306275
-0.2996
-0.294725
-0.26505
-0.240125
-0.1594
-0.140725
-0.06765
-0.048925
0.042725
0.0997
0.15425
0.223575
0.2591
0.314625
0.356075
0.373225
0.435625
0.445275
0.4597
0.4881
0.51435
0.5263
0.528775
0.5544
0.5769
0.597825
0.59925
0.618025
0.63555
0.65105
0.660725
0.671225
0.6817
0.7003
0.711725
0.71385
0.719725
0.725
0.73255
0.7415
0.745125
0.7484
0.75085
0.751775
0.7459
0.72085
0.6681
0.65525
0.639075
0.6031
0.564625
0.518675
0.4781
0.462975
0.46255
0.461675
0.46525
0.470875
0.47785
0.48505
0.49165
0.497325
0.5032
0.509075
0.51435
0.5192
0.52415
0.5282
0.53195
0.53575
0.539225
0.542075
0.54475
0.5474
0.54955
0.5498
0.54895
0.5486
0.55045
0.552675
0.5546
0.5565
0.558075
0.559775
0.56085
0.562075
0.563325
0.56405
0.5647
0.565125
0.56555
0.565575
0.566075
0.565825
0.565675
0.56545
0.564875
0.56475
0.56395
0.562775
0.5622
0.56075
0.5594
0.557975
0.55585
0.554025
0.5519
0.549425
0.5458
0.542375
0.537875
0.5334
0.528825
0.5238
0.518325
0.51265
0.507025
0.500425
0.494125
0.486875
0.47945
0.4726
0.4704
0.614
0.613575
0.613725
0.6144
0.61545
0.6164
0.617375
0.618025
0.61905
0.619775
0.620525
0.6214
0.62195
0.62255
0.623175
0.62385
0.62455
0.62495
0.6254
0.62595
0.626175
0.626525
0.6266
0.626625
0.6268
0.627075
0.627175
0.6271
0.626825
0.62675
0.626225
0.6258
0.62555
0.62425
0.621925
0.619575
0.616925
0.614475
0.612425
0.610425
0.608875
0.607775
0.607925
0.607175
0.605375
0.603775
0.602625
0.603925
0.60575
0.606275
0.60445
0.602675
0.600975
0.59925
0.597575
0.59565
0.59375
0.591825
0.58985
0.5875
0.585525
0.58315
0.5805
0.57795
0.574825
0.571575
0.5677
0.56295
0.5587
0.5538
0.548925
0.543325
0.538
0.531975
0.525675
0.519525
0.512425
0.507975
0.50995
0.511675
0.511425
0.50905
0.5032
0.4943
0.484375
0.475125
0.466675
0.471
-1.15263
-0.99235
-0.894775
-0.82425
-0.7245
-0.63805
-0.57335
-0.56365
-0.521875
-0.498725
-0.478025
-0.44955
-0.4288
-0.31395
-0.3466
-0.3088
-0.308675
-0.301925
-0.296975
-0.270025
-0.23865
-0.1785
-0.157325
-0.08885
-0.0642
0.034275
0.047275
0.0493
0.145975
0.15995
0.176675
0.2551
0.266075
0.271475
0.338275
0.3638
0.396175
0.4505
0.453575
0.478425
0.5031
0.525875
0.535025
0.544
0.5655
0.584975
0.60235
0.60725
0.623325
0.637225
0.649225
0.6594
0.663275
0.675
0.691075
0.69135
0.705175
0.71465
0.718675
0.7231
0.725075
0.72635
0.725875
0.71995
0.707775
0.707
0.69305
0.64725
0.609225
0.569875
0.53095
0.49525
0.4642
0.453275
0.45265
0.4521
0.4563
0.461925
0.469225
0.47475
0.4815
0.487175
0.4937
0.49965
0.50525
0.510375
0.515275
0.5199
0.523825
0.527625
0.5314
0.534375
0.537225
0.540075
0.54235
0.544425
0.54415
0.54345
0.543375
0.54485
0.547075
0.5485
0.549275
0.5512
0.5525
0.55425
0.555325
0.5566
0.5575
0.558225
0.558925
0.559325
0.5598
0.559825
0.559975
0.560075
0.559575
0.559725
0.559125
0.55865
0.557875
0.556675
0.555725
0.5543
0.5529
0.5515
0.54935
0.547125
0.544975
0.54215
0.5385
0.53465
0.53045
0.525925
0.520925
0.51585
0.510325
0.504575
0.4982
0.49185
0.484775
0.477825
0.47035
0.4628
0.461125
0.609225
0.609
0.609125
0.610175
0.61085
0.6118
0.612725
0.613675
0.614675
0.615375
0.616125
0.61695
0.6178
0.61835
0.619
0.618975
0.6196
0.6203
0.6207
0.62115
0.6217
0.621975
0.62225
0.62235
0.62245
0.622675
0.622725
0.62255
0.62255
0.622375
0.622025
0.621575
0.621825
0.62055
0.61865
0.61625
0.613625
0.611225
0.6087
0.6065
0.604525
0.602975
0.602875
0.602675
0.60125
0.59935
0.598
0.597625
0.599575
0.601225
0.599825
0.597775
0.596025
0.594125
0.5922
0.590325
0.58845
0.58655
0.58425
0.58225
0.57985
0.577525
0.5751
0.572175
0.5689
0.565775
0.56175
0.5574
0.5525
0.547425
0.541975
0.536625
0.5307
0.524475
0.518475
0.51215
0.505525
0.500475
0.50415
0.492625
0.489525
0.491625
0.4943
0.49745
0.5
0.502225
0.5047
0.50715
0.509375
0.507975
0.5079
0.50805
0.508975
0.50595
0.4938
0.480725
0.469125
0.4577
0.4579
0.45885
-1.15222
-0.991925
-0.8943
-0.823725
-0.724
-0.6375
-0.57285
-0.551825
-0.5214
-0.508325
-0.4776
-0.47055
-0.42815
-0.311
-0.338025
-0.3077
-0.30425
-0.298875
-0.275025
-0.245675
-0.2367
-0.214225
-0.154775
-0.132
-0.0602
-0.015825
0.052775
0.095975
0.16635
0.2086
0.273525
0.29555
0.35425
0.37245
0.4119
0.458775
0.462975
0.467675
0.490925
0.532725
0.5444
0.5532
0.571525
0.58805
0.603075
0.61415
0.6232
0.63345
0.65155
0.666325
0.66945
0.679775
0.689575
0.697825
0.7034
0.7041
0.704325
0.69865
0.68375
0.660775
0.63615
0.609375
0.57
0.507175
0.455975
0.4437
0.44305
0.44455
0.449375
0.45605
0.46285
0.469025
0.476425
0.483475
0.487675
0.49265
0.4986
0.50365
0.508825
0.51345
0.5181
0.521975
0.5255
0.5286
0.532025
0.534525
0.537225
0.53915
0.539
0.538175
0.537875
0.539625
0.541975
0.544
0.54575
0.54735
0.54845
0.550025
0.5511
0.55225
0.553
0.5534
0.55415
0.554275
0.554575
0.554675
0.55435
0.554125
0.554
0.5534
0.552775
0.551775
0.551
0.5498
0.54825
0.546875
0.54495
0.5428
0.5409
0.537575
0.53395
0.530025
0.525775
0.52135
0.5164
0.5113
0.5058
0.50025
0.4939
0.487725
0.4807
0.473675
0.466175
0.45875
0.45185
0.6052
0.604875
0.604975
0.605675
0.6067
0.607625
0.60855
0.6095
0.610475
0.611125
0.61225
0.61305
0.613525
0.6144
0.614975
0.615575
0.616225
0.6166
0.61735
0.617475
0.61805
0.618375
0.61845
0.61845
0.618625
0.6186
0.6188
0.61845
0.618425
0.617825
0.617475
0.61725
0.6162
0.614375
0.611725
0.609125
0.6068
0.60425
0.60205
0.6001
0.598025
0.598025
0.597825
0.59635
0.5946
0.593025
0.59205
0.5921
0.593575
0.595125
0.596275
0.595225
0.59355
0.591475
0.58955
0.58755
0.585725
0.583525
0.5816
0.5793
0.57705
0.574775
0.57245
0.5698
0.566825
0.563425
0.56015
0.55635
0.551675
0.5461
0.540975
0.535575
0.529425
0.5235
0.51665
0.5102
0.504025
0.497675
0.493825
0.48985
0.4782
0.47005
0.4629
0.45485
0.4523
0.45615
-1.15217
-0.99185
-0.893825
-0.8235
-0.72305
-0.6369
-0.5723
-0.539975
-0.520825
-0.518275
-0.476925
-0.42745
-0.30805
-0.32945
-0.306175
-0.30115
-0.28
-0.25315
-0.234975
-0.169625
-0.152075
-0.09795
-0.056025
0.0361
0.0589
0.127725
0.173825
0.228475
0.2825
0.311975
0.3635
0.3825
0.421025
0.4646
0.473675
0.498775
0.535225
0.55215
0.554775
0.557825
0.57385
0.5879
0.600125
0.61935
0.62595
0.641475
0.65485
0.667875
0.670925
0.67165
0.676525
0.6768
0.66885
0.645975
0.611525
0.57325
0.535275
0.49605
0.48205
0.467325
0.442125
0.434775
0.4332
0.434775
0.440125
0.44695
0.45395
0.4603
0.467875
0.475425
0.481975
0.488625
0.494225
0.49975
0.5048
0.509325
0.513225
0.5171
0.5208
0.524
0.527
0.5295
0.53215
0.5338
0.533875
0.5329
0.53235
0.5342
0.536175
0.538475
0.540275
0.541725
0.54335
0.5448
0.54585
0.546625
0.547625
0.5483
0.548975
0.548975
0.549175
0.549425
0.549025
0.549175
0.5486
0.548025
0.547625
0.54665
0.54565
0.544725
0.543
0.541475
0.53965
0.537275
0.535075
0.532825
0.529325
0.52535
0.521075
0.51655
0.5115
0.5064
0.50095
0.495225
0.4892
0.482725
0.476
0.4687
0.46135
0.453775
0.446425
0.443425
0.600125
0.59975
0.60015
0.6008
0.60175
0.602975
0.603825
0.605025
0.605925
0.606875
0.60755
0.608275
0.60905
0.609875
0.61045
0.61075
0.6113
0.611925
0.612275
0.613075
0.613225
0.6135
0.6137
0.613875
0.614
0.614225
0.61425
0.6141
0.613775
0.613675
0.61335
0.6129
0.612025
0.612275
0.610775
0.60815
0.605625
0.60335
0.600825
0.598725
0.5964
0.594475
0.592725
0.592725
0.592875
0.59065
0.58855
0.5865
0.587775
0.5908
0.5899
0.587925
0.586225
0.584225
0.58225
0.58045
0.578425
0.57645
0.57405
0.57195
0.56945
0.566975
0.564475
0.561425
0.55805
0.554975
0.5506
0.546375
0.54175
0.5367
0.531375
0.525725
0.519775
0.51345
0.506925
0.4997
0.492475
0.485275
0.482325
0.479275
0.479675
0.481325
0.483575
0.485425
0.48715
0.488675
0.4904
0.4921
0.4934
0.494675
0.495775
0.49425
0.4928
0.491275
0.4897
0.488075
0.48645
0.48445
0.4828
0.48075
0.4783
0.476175
0.4739
0.471675
0.474075
0.476225
0.47835
0.480775
0.4829
0.48485
0.486775
0.48805
0.489925
0.4891
0.48965
0.489475
0.49075
0.489725
0.483225
0.4749
0.46325
0.453575
0.4455
0.45105
-1.15175
-0.991425
-0.89365
-0.822825
-0.7224
-0.6362
-0.57165
-0.528125
-0.52045
-0.476625
-0.42955
-0.42705
-0.3051
-0.320875
-0.3049
-0.30305
-0.284975
-0.2606
-0.23245
-0.2061
-0.1492
-0.141825
-0.050875
-0.014325
0.065725
0.07815
0.146025
0.18245
0.240125
0.2908
0.29245
0.32205
0.36765
0.393725
0.42775
0.465875
0.485225
0.502675
0.520125
0.549675
0.5649
0.573025
0.593475
0.609825
0.6162
0.623775
0.6267
0.629125
0.641925
0.6498
0.65015
0.639075
0.631575
0.61995
0.586275
0.549125
0.513725
0.4775
0.44275
0.4258
0.42315
0.422225
0.42405
0.4291
0.4351
0.44265
0.449025
0.45515
0.4611
0.468675
0.4758
0.48235
0.488125
0.493625
0.498975
0.503625
0.5077
0.5119
0.5153
0.51865
0.521725
0.524575
0.5272
0.527825
0.52735
0.5264
0.5268
0.529275
0.5313
0.5335
0.535325
0.537125
0.5385
0.5396
0.540925
0.54195
0.542475
0.54305
0.543725
0.544075
0.544
0.54415
0.544075
0.543925
0.54325
0.5426
0.541975
0.540725
0.5397
0.5385
0.536625
0.535225
0.533075
0.5309
0.528525
0.525425
0.521425
0.5174
0.512825
0.508125
0.503225
0.49795
0.492475
0.486625
0.480525
0.4744
0.467575
0.460575
0.45355
0.446175
0.438875
0.4351
0.595525
0.595375
0.5957
0.596325
0.59755
0.59835
0.59945
0.6006
0.6014
0.602275
0.60325
0.603925
0.60465
0.6054
0.605925
0.606225
0.606725
0.6073
0.60795
0.608325
0.60875
0.60895
0.609225
0.60925
0.6093
0.60945
0.60945
0.60925
0.609325
0.6088
0.60855
0.608225
0.607025
0.607625
0.60555
0.602725
0.6003
0.597475
0.59515
0.5927
0.590425
0.588375
0.587425
0.587575
0.5866
0.584525
0.58285
0.581275
0.582775
0.584925
0.584625
0.582725
0.580475
0.578625
0.5764
0.5745
0.5726
0.57035
0.568
0.565625
0.563225
0.56075
0.557975
0.554775
0.551475
0.548075
0.5437
0.539475
0.5346
0.52955
0.523775
0.51845
0.51225
0.50535
0.498575
0.492
0.48485
0.4758
0.46495
0.491425
0.48895
0.490125
0.49065
0.49185
0.493
0.4944
0.495275
0.4963
0.497325
0.49805
0.498525
0.49785
0.4965
0.495525
0.4945
0.49345
0.492025
0.49095
0.4895
0.488325
0.48665
0.486975
0.4883
0.48965
0.4907
0.49055
0.485225
0.488025
0.48515
0.47755
0.4687
0.45745
0.447325
0.437525
0.4358
0.4379
-1.15167
-0.991325
-0.944825
-0.893125
-0.8221
-0.721325
-0.63545
-0.57095
-0.519725
-0.47595
-0.4513
-0.426275
-0.3123
-0.358425
-0.3031
-0.289975
-0.2677
-0.240975
-0.230125
-0.17625
-0.1454
-0.066575
-0.0451
0.0179
0.073625
0.0965
0.1558
0.192325
0.1945
0.245625
0.29235
0.303875
0.32665
0.368925
0.406375
0.4303
0.4652
0.496375
0.498375
0.5188
0.545375
0.567025
0.572975
0.5838
0.5904
0.5978
0.609075
0.618625
0.623325
0.623025
0.622225
0.611375
0.5819
0.54435
0.50435
0.461075
0.426675
0.411175
0.411625
0.4149
0.421675
0.42915
0.435875
0.442175
0.44875
0.4547
0.462475
0.4681
0.4731
0.47935
0.48515
0.49025
0.494375
0.498675
0.50295
0.506825
0.510175
0.512625
0.514425
0.517575
0.520325
0.520825
0.520625
0.5196
0.51995
0.522425
0.524775
0.52695
0.5291
0.53055
0.532275
0.5334
0.5348
0.535775
0.53665
0.53725
0.537575
0.5383
0.53825
0.53845
0.5384
0.53795
0.537675
0.537075
0.5365
0.535675
0.53435
0.533225
0.531775
0.529775
0.527725
0.526
0.52345
0.519775
0.516
0.511825
0.507475
0.503
0.49765
0.4923
0.4864
0.480525
0.474025
0.4672
0.46005
0.452725
0.445
0.43695
0.429075
0.425525
0.591825
0.59155
0.592175
0.592775
0.59365
0.59475
0.595825
0.596875
0.59795
0.598775
0.599675
0.60065
0.60135
0.6021
0.602675
0.602925
0.603425
0.604
0.604675
0.605075
0.605225
0.605475
0.6056
0.605825
0.605925
0.605775
0.605775
0.6056
0.605575
0.605325
0.60475
0.60415
0.60335
0.60285
0.601475
0.598725
0.59605
0.59315
0.5909
0.5885
0.586125
0.584125
0.582975
0.582775
0.582125
0.579975
0.577625
0.576425
0.57935
0.5799
0.578325
0.57645
0.57445
0.572275
0.570225
0.56835
0.565875
0.5634
0.56115
0.558875
0.5562
0.5532
0.550175
0.54675
0.54315
0.53885
0.533825
0.527775
0.521725
0.515475
0.508925
0.5021
0.4946
0.488325
0.480875
0.473725
0.465375
0.4682
0.490725
0.46825
0.480225
0.4762
0.467525
0.4566
0.444025
0.4318
0.423025
0.425675
0.425625
-1.15122
-0.990825
-0.89255
-0.82135
-0.7205
-0.634575
-0.570375
-0.56175
-0.519325
-0.493375
-0.4756
-0.4727
-0.425475
-0.303725
-0.34
-0.30115
-0.29495
-0.275175
-0.25055
-0.2273
-0.21275
-0.158925
-0.1414
-0.111225
-0.038625
-0.0325
0.03835
0.082725
0.10705
0.161375
0.203575
0.247625
0.2888
0.3169
0.3291
0.367525
0.40265
0.42075
0.43055
0.4627
0.491775
0.5121
0.516125
0.538925
0.5567
0.5641
0.5709
0.58155
0.58315
0.5924
0.595925
0.59615
0.591575
0.56835
0.53735
0.502125
0.461325
0.4245
0.421775
0.41295
0.399175
0.399525
0.403225
0.41005
0.417925
0.4251
0.431475
0.438125
0.44445
0.452325
0.458075
0.46355
0.469925
0.4762
0.48175
0.485525
0.490325
0.495075
0.4991
0.5026
0.506275
0.5093
0.512425
0.51395
0.513875
0.5129
0.512775
0.515025
0.5174
0.519825
0.522125
0.523825
0.525525
0.526925
0.528225
0.5294
0.5304
0.531325
0.53175
0.5322
0.53265
0.53285
0.533
0.53265
0.53245
0.531775
0.53095
0.530175
0.52925
0.528025
0.526425
0.524775
0.52295
0.520975
0.5183
0.51495
0.511125
0.507225
0.50295
0.498425
0.493275
0.488125
0.482225
0.47655
0.470225
0.46365
0.456925
0.449825
0.442375
0.4344
0.42665
0.41875
0.41555
0.588425
0.5885
0.58865
0.589575
0.590425
0.5915
0.592575
0.59365
0.594725
0.595525
0.596725
0.597325
0.598325
0.599025
0.599275
0.599825
0.6003
0.60085
0.601475
0.60185
0.601975
0.6022
0.60235
0.60255
0.602675
0.60265
0.6024
0.602275
0.602
0.6016
0.601075
0.60045
0.5997
0.5993
0.59725
0.594425
0.59175
0.5889
0.586425
0.58385
0.581425
0.5795
0.578225
0.578025
0.577425
0.575275
0.573325
0.57285
0.57325
0.57545
0.574925
0.573
0.570475
0.5684
0.56635
0.564275
0.5622
0.559725
0.55755
0.555
0.552425
0.549525
0.546725
0.5435
0.540025
0.53605
0.531925
0.527825
0.52355
0.518675
0.513525
0.508
0.502275
0.496425
0.48875
0.4818
0.474
0.4666
0.465
0.463675
0.463375
0.463125
0.462525
0.4656
0.47915
0.449225
0.418425
0.417625
-1.15075
-0.990325
-0.891925
-0.8205
-0.719375
-0.633625
-0.56965
-0.54185
-0.518525
-0.51205
-0.474925
-0.434
-0.42465
-0.36785
-0.32155
-0.29905
-0.282625
-0.26045
-0.2239
-0.195825
-0.148675
-0.136775
-0.062375
-0.0307
-0.012375
0.048525
0.093425
0.1127
0.159925
0.20345
0.2167
0.244875
0.28415
0.320425
0.33215
0.364225
0.39725
0.42675
0.437025
0.45915
0.485025
0.50785
0.524025
0.529375
0.536975
0.544025
0.5549
0.564
0.56855
0.56555
0.563325
0.5438
0.513
0.4786
0.441125
0.407875
0.390425
0.38645
0.3864
0.38815
0.39265
0.39875
0.4074
0.41475
0.42135
0.428525
0.4351
0.44135
0.44775
0.454925
0.46045
0.46525
0.470025
0.475575
0.480625
0.484625
0.488825
0.49315
0.497125
0.500425
0.503525
0.506725
0.5064
0.50565
0.506425
0.50905
0.51175
0.5141
0.516375
0.517975
0.519675
0.521375
0.522725
0.5239
0.524925
0.5256
0.52635
0.526625
0.526775
0.5271
0.527
0.527025
0.526575
0.525975
0.525225
0.524225
0.522975
0.521925
0.520175
0.5184
0.51655
0.5141
0.511625
0.50905
0.50535
0.5012
0.496725
0.492275
0.487225
0.482025
0.476275
0.4708
0.464625
0.458075
0.451525
0.444225
0.4372
0.42965
0.422275
0.414625
0.40595
0.585575
0.585325
0.5858
0.58635
0.587525
0.58855
0.589575
0.5906
0.591975
0.592725
0.593925
0.594825
0.595425
0.59645
0.596675
0.596875
0.5977
0.5982
0.598475
0.599175
0.5993
0.599525
0.5997
0.599525
0.59965
0.599625
0.599425
0.599
0.598825
0.598425
0.597875
0.5972
0.59665
0.59625
0.594025
0.591325
0.58795
0.585325
0.582325
0.57995
0.577425
0.57535
0.57375
0.5739
0.572925
0.570775
0.568775
0.567675
0.569475
0.571425
0.570825
0.568375
0.565975
0.56375
0.561475
0.559175
0.556825
0.554425
0.552
0.549525
0.546675
0.54385
0.540675
0.5374
0.5336
0.5297
0.5251
0.52015
0.514875
0.509625
0.50375
0.4974
0.49125
0.484425
0.476975
0.47015
0.462375
0.455075
0.449275
0.44835
0.44415
0.439325
0.434225
0.428725
0.425625
0.414275
0.3989
0.399125
